0.000000
0.005236
0.010472
0.015708
0.020944
0.026180
0.031416
0.036652
0.041888
0.047124
0.052360
0.057596
0.062832
0.068068
0.073304
0.078540
0.083776
0.089012
0.094248
0.099484
0.104720
0.109956
0.115192
0.120428
0.125664
0.130900
0.136136
0.141372
0.146608
0.151844
0.157080
0.162316
0.167552
0.172788
0.178024
0.183260
0.188496
0.193732
0.198968
0.204204
0.209440
0.214675
0.219911
0.225147
0.230383
0.235619
0.240855
0.246091
0.251327
0.256563
0.261799
0.267035
0.272271
0.277507
0.282743
0.287979
0.293215
0.298451
0.303687
0.308923
0.314159
0.319395
0.324631
0.329867
0.335103
0.340339
0.345575
0.350811
0.356047
0.361283
0.366519
0.371755
0.376991
0.382227
0.387463
0.392699
0.397935
0.403171
0.408407
0.413643
0.418879
0.424115
0.429351
0.434587
0.439823
0.445059
0.450295
0.455531
0.460767
0.466003
0.471239
0.476475
0.481711
0.486947
0.492183
0.497419
0.502655
0.507891
0.513127
0.518363
0.523599
0.528835
0.534071
0.539307
0.544543
0.549779
0.555015
0.560251
0.565487
0.570723
0.575959
0.581195
0.586431
0.591667
0.596903
0.602139
0.607375
0.612611
0.617847
0.623083
0.628319
0.633555
0.638791
0.644026
0.649262
0.654498
0.659734
0.664970
0.670206
0.675442
0.680678
0.685914
0.691150
0.696386
0.701622
0.706858
0.712094
0.717330
0.722566
0.727802
0.733038
0.738274
0.743510
0.748746
0.753982
0.759218
0.764454
0.769690
0.774926
0.780162
0.785398
0.790634
0.795870
0.801106
0.806342
0.811578
0.816814
0.822050
0.827286
0.832522
0.837758
0.842994
0.848230
0.853466
0.858702
0.863938
0.869174
0.874410
0.879646
0.884882
0.890118
0.895354
0.900590
0.905826
0.911062
0.916298
0.921534
0.926770
0.932006
0.937242
0.942478
0.947714
0.952950
0.958186
0.963422
0.968658
0.973894
0.979130
0.984366
0.989602
0.994838
1.000074
1.005310
1.010546
1.015782
1.021018
1.026254
1.031490
1.036726
1.041962
1.047198
1.052434
1.057670
1.062906
1.068142
1.073377
1.078613
1.083849
1.089085
1.094321
1.099557
1.104793
1.110029
1.115265
1.120501
1.125737
1.130973
1.136209
1.141445
1.146681
1.151917
1.157153
1.162389
1.167625
1.172861
1.178097
1.183333
1.188569
1.193805
1.199041
1.204277
1.209513
1.214749
1.219985
1.225221
1.230457
1.235693
1.240929
1.246165
1.251401
1.256637
1.261873
1.267109
1.272345
1.277581
1.282817
1.288053
1.293289
1.298525
1.303761
1.303761
1.303761
1.303761
1.303761
1.303761
1.303761
1.303761
1.303761
1.303761
1.303761
1.303761
1.303761
1.303761
1.303761
1.303761
1.303761
1.303761
1.303761
1.303761
1.303761
1.303761
1.303761
1.303761
1.303761
1.303761
1.303761
1.303761
1.303761
1.303761
1.303761
1.303761
1.303761
1.303761
1.303761
1.303761
1.303761
1.303761
1.303761
1.303761
1.303761
1.303761
1.303761
1.303761
1.303761
1.303761
1.303761
1.303761
1.303761
1.303761
1.303761
1.303761
1.303761
1.303761
1.303761
1.303761
1.303761
1.303761
1.303761
1.303761
1.303761
1.303761
1.303761
1.303761
1.303761
1.303761
1.303761
1.303761
1.303761
1.303761
1.303761
1.303761
1.303761
1.303761
1.303761
1.303761
1.303761
1.303761
1.303761
1.303761
1.303761
1.303761
1.303761
1.303761
1.303761
1.303761
1.303761
1.303761
1.303761
1.303761
1.303761
1.303761
1.303761
1.303761
1.303761
1.303761
1.303761
1.303761
1.303761
1.303761
1.303761
1.303761
1.303761
1.303761
1.303761
1.303761
1.303761
1.303761
1.303761
1.303761
1.303761
1.303761
1.303761
1.303761
1.303761
1.303761
1.303761
1.303761
1.303761
1.303761
1.303761
1.303761
1.303761
1.303761
1.303761
1.303761
1.303761
1.303761
1.303761
1.303761
1.303761
1.303761
1.303761
1.303761
1.303761
1.303761
1.303761
1.303761
1.303761
1.303761
1.303761
1.303761
1.303761
1.303761
1.303761
1.303761
1.303761
1.303761
1.303761
1.303761
1.303761
1.303761
1.303761
1.303761
1.303761
1.303761
1.303761
1.303761
1.303761
1.303761
1.303761
1.303761
1.303761
1.303761
1.303761
1.303761
1.303761
1.303761
1.303761
1.303761
1.303761
1.303761
1.303761
1.303761
1.303761
1.303761
1.303761
1.303761
1.303761
1.303761
1.303761
1.303761
1.303761
1.303761
1.303761
1.303761
1.303761
1.303761
1.303761
1.303761
1.303761
1.303761
1.303761
1.303761
1.303761
1.303761
1.303761
1.303761
1.303761
1.303761
1.303761
1.303761
1.303761
1.303761
1.303761
1.303761
1.303761
1.303761
1.303761
1.303761
1.303761
1.303761
1.303761
1.303761
1.303761
1.303761
1.303761
1.303761
1.303761
1.303761
1.303761
1.303761
1.303761
1.303761
1.303761
1.303761
1.303761
1.303761
1.303761
1.303761
1.303761
1.303761
1.303761
1.303761
1.303761
1.303761
1.303761
1.303761
1.303761
1.303761
1.303761
1.303761
1.303761
1.303761
1.303761
1.303761
1.303761
1.303761
1.303761
1.303761
1.303761
