   61.2600    33.4491    60.0272    63.9101    43.9922    68.9590    53.5387    63.9917    59.0568    46.3257    42.4187    19.9505    47.8580    57.6668    48.4230    40.4913    62.0394    57.5233    52.3385    50.4899    54.2227    60.8529    56.2810    69.7487    48.1463    42.5984    47.8760    73.4461    54.9230    51.8007    40.8284    49.0011    38.4146    44.7404    54.0630    54.5395    58.6625    49.1028    50.0944    44.0131    38.5262    44.2056    59.1737    47.7191    75.4008    36.6557    56.1541    51.1240    54.7422    55.5336    64.1533
   38.4392    56.0842    24.2585    51.3455    47.6622    45.2015    47.3590    56.7404    65.0018    39.7194    55.7780    40.3507    50.6468    80.1816    53.1340    50.7865    54.3247    55.7568    76.4671    51.5742    62.6285    43.3499    58.4054    46.4046    60.7018    62.1161    65.8785    58.3264    64.4739    62.4958    50.1045    65.0802    70.3060    47.7889    44.2977    52.5611    34.4209    50.2155    37.6700    53.0633    65.2813    49.3959    44.7678    44.8250    41.2120    38.9805    41.7135    63.5358    28.1391    50.7476    45.8256
   59.4336    55.5091    52.3045    42.6458    50.7252    50.0977    38.4952    45.8803    45.0140    53.4867    17.6968    59.6716    40.2657    43.9140    42.5342    51.5703    54.5195    56.3140    44.6230    45.6886    58.0013    62.1729    46.3175    56.5852    40.9936    53.0751    63.3870    55.9523    50.1946    63.6813    55.9237    42.3715    49.7023    53.7915    54.4286    36.4835    56.1337    47.7679    56.9316    62.0771    47.1141    59.2272    48.3532    43.6835    45.1360    36.4128    44.5753    65.0455    66.1099    47.8726    43.1854
   35.4229    42.4616    54.0002    37.6465    39.7650    41.3306    53.5990    26.4439    44.3855    54.5848    49.9912    43.9800    44.2731    73.8616    51.3678    60.1145    61.4054    71.1641    69.3981    56.2464    59.6593    57.3451    49.5444    70.9494    58.8109    50.5637    52.5173    54.5668    53.8089    75.9342    70.8353    50.5192    36.1324    44.8996    56.7394    48.6336    38.4701    51.8616    48.2531    47.8102    52.9446    54.9777    50.0452    47.2882    58.2939    41.3508    39.9450    40.4924    27.4885    39.8251    56.0579
   14.9278    42.2786    25.8318    49.9573    42.8074    44.7680    24.0442    38.1045    57.2339    41.8655    30.4500    50.4358    49.3779    58.0505    48.1012    57.2255    71.9125    56.7301    59.5144    74.2105    74.4589    61.2743    50.7776    63.0770    55.4395    60.1621    48.2499    59.5719    57.8669    71.4945    69.5364    47.1190    61.2214    63.0160    39.5185    42.3655    58.4382    54.6505    53.2124    42.9948    60.4451    37.6499    55.9710    37.3721    54.0393    29.1079    38.0272    29.2073    39.2155    49.1187    41.8118
   33.2404    37.1121    40.6693    44.2077    23.2113    45.1956    34.4112    43.8003    38.7231    46.5451    58.3496    39.6352    52.0366    64.2112    54.0944    50.9471    42.1570    67.2824    50.0780    37.3186    67.0142    69.7273    54.8799    57.8218    63.2243    71.4335    75.6700    79.8826    54.4840    87.5098    81.7364    62.3408    48.0391    54.4460    50.7652    61.1654    55.4971    36.0218    74.9870    50.6923    43.4951    45.8451    30.4127    50.2597    41.6242    38.0422    43.8207    39.6200    37.4381    35.9050    54.5953
   27.7609    27.8619    39.6209    21.9731    22.3822    33.8470    36.5847    44.6689    50.8839    48.3341    17.9560    57.2098    65.6765    56.7230    49.7586    63.6890    66.8782    61.2001    72.3487    53.9584    78.0096    62.2756    80.6388    67.4747    57.5745    62.2645    69.1045    50.2803    86.2764    63.1006    87.4467    60.9330    62.8049    37.1427    30.2776    57.1527    81.5942    60.4503    50.0143    53.4540    44.6964    48.0271    50.0152    37.7630    39.7747    28.0203    35.5585    31.7660    47.8537    33.3625    31.7234
   27.2018    30.0617    18.7274    38.3377    32.8712    24.8606    38.1244    31.1091    43.0911    44.3677    53.4487    39.8941    57.6558    46.7254    44.2938    61.5226    69.8119    68.1499    63.4246    62.0760    63.7303    85.4519    69.6221    85.4565    74.5729    81.2082    71.2160    61.2233    29.9817    77.5241    66.5605    55.3456    61.4539    81.0082    58.0819    53.9055    59.0833    34.2708    68.4368    37.9078    53.5398    35.4027    37.0356    33.3216    47.8128    36.7321    17.3828    33.3272    25.3853    35.7097    37.3501
   19.2228    25.6603    19.8326    20.8837    30.7315    33.1818    33.6709    32.9629    34.6696    44.5900    44.3924    37.9558    51.8697    51.8619    21.5458    55.3294    39.3761    59.5657    50.9929    65.1243    55.5253    74.3943    86.8584    43.7529    59.2410    77.8571    79.3522    53.4836   102.9902    89.7885    58.1458    57.0858    86.3163    51.5812    64.6609    66.8910    57.5134    54.7068    42.3701    38.2370    43.8875    39.1856    28.8837    29.0543    35.6798    26.3618    20.8951    37.5779    20.9037    22.2285    19.1200
   29.9121    30.8664    23.9043    17.7353    25.3424    37.4309    30.3084    41.2904    33.4116    44.3692    43.1499    38.0784    64.7087    51.4472    40.2345    59.0254    62.5921    31.9117    66.7735    76.0040    38.9293    89.5377    55.6797    81.9852    69.4832    82.3298    88.9487    76.2992    76.5109    51.9692    83.6771    65.7335    42.6935    58.1935    57.3401    62.2969    58.5910    36.8273    59.6441    57.4873    35.5830    44.5427    41.0167    30.0427    33.0470    32.9151    28.8936    20.7502    31.3566    23.7178     9.6007
   21.3487    24.1154    21.0639    18.6648    29.1128    28.3218    35.1785    33.3297    32.8976    24.9677    50.5994    30.6240    45.7481    48.1201    59.5724    84.2762    65.6787    75.2479    60.3401    83.0278    68.1915   101.0222    93.6481    71.1888    87.6650   105.7400    98.0248    82.0934    89.7486    58.4652    71.8775    73.5807    75.4854    76.3803    70.7071    69.1045    56.6262    60.3892    43.9438    26.9276    43.5346    54.7268    32.4500    37.2995    28.5246    28.3150    25.0559    15.7947    22.8561    23.0485    23.3557
   21.7436    15.7429    19.9671    20.1498    17.3259    19.4289    19.5417    41.0030    34.9497    47.2905    39.2468    47.9027    54.1683    60.4359    44.8826    62.9112    47.0065    57.0594    82.2501    93.6067    77.7956    85.6074    90.8221    71.6633    86.1669    86.0767    80.7802    72.2610    86.6896    90.7899    87.8878    78.8747    84.0046    72.4743    67.0179    39.7380    69.9317    41.8979    51.8078    59.2406    29.9930    37.8835    36.9479    30.3637    34.1180    21.4392    28.2295    20.5979    12.9184    20.1598    19.7690
   10.9279    18.0448    17.6121    15.7349    11.3901    21.9606    27.1769    34.8131    32.4598    36.0545    47.3035    41.0151    43.8565    36.3590    76.3906    83.6880    43.4110   107.4189    79.9827    91.6539    72.0384   105.7626    72.1776    95.6290    54.8748    93.2933    84.3254    86.1435    89.2509    69.7492    37.9849    72.5692    40.8166    63.9307    55.3141    60.0623    67.9304    66.5466    30.7182    43.0739    38.3021    45.8384    30.6828    27.5523    25.6591    20.4663    23.8128    25.1180    13.5091    19.1990    17.5102
   15.1525    18.1556    17.3276    19.1956    19.7044    20.5160    23.8332    33.0310    34.7495    23.2381    56.2056    50.1093    63.6092    56.5419    51.3255    62.0479    77.1017    53.4880   111.0241    74.1516    68.5677    83.8938    70.9230    91.6784   109.9853    74.3414    91.0242   104.1215    80.1357    38.1950   101.4289    91.2835    75.7991    80.9531    50.3987    60.0609    60.4047    57.5956    51.1893    47.8676    44.3671    36.8286    39.8829    33.8738    24.8269    18.3796    22.8555    17.9916    15.0966    13.9389    14.0137
   15.6978     7.9309    12.7579     8.4381    16.5068    20.7758    22.3131    20.1906    27.6239    18.2616    48.0156    47.4162    50.0311    51.4145    72.4835    70.1361    66.8444    71.7020    58.2915    57.3771    90.6493    65.9673    79.1939    52.8242   113.9727    92.0915    74.4793    99.1345    85.6787    72.7459    69.6492    63.6104    63.7093    76.5154    94.5298    75.6514    77.4243    60.4998    60.6613    53.7208    37.2744    35.3077    30.9790    32.1804    22.3894    14.5451    14.9416    13.3645    15.2104     6.6357    15.2395
   10.5577    10.1637    11.4317    16.0138    14.3031    19.5882    19.1419    30.4544    30.9907    33.8872    43.6572    64.6977    60.7130    51.7727    60.5533    56.9258    80.4707    63.7014    62.1960    77.4719   110.4252    66.9944    97.8552    94.2243   100.5122    87.4568    98.9407    79.4310    72.1333    90.2771    79.4081    76.7784    78.8651    80.4454    80.0883    59.3899    55.0261    35.6322    40.0430    42.8394    43.5402    27.6069    25.3065    22.7576    14.4501    18.4672    15.0221    13.3737     9.8130    11.7628    10.9196
    7.0971     9.1142     9.0908     9.8747     8.6547    14.0736    17.3688    16.0639    41.8162    34.1982    45.8094    46.6893    32.4384    69.2869    52.9359    66.6209    90.2820    45.5277    71.9610    93.3467    72.9142   140.6317    74.0397    79.1716   111.2587   111.9005    79.5751    92.2818    78.2670    96.7235    89.7086    94.6692    73.1307    70.9234    76.1044    44.6268    56.5063    60.7243    40.1221    38.0696    48.0474    38.3977    28.6914    25.2205    25.3180    14.7915    12.4451     9.9223     9.2778     9.5643     4.1625
    8.9239     6.0934     9.9694     7.2652    11.6220    16.3393    19.3220    21.9790    29.4796    30.2705    28.2106    36.9105    41.6233    40.8532    47.4625    78.8274    64.1517    55.4694    93.2001    87.1845    81.5357    54.8628    89.9364    92.7192    88.0020   127.0034   123.2227    84.7707    84.8382    84.9604    99.8543    66.2153    67.8539    55.4219    66.9120    72.6356    57.4208    53.9557    63.8404    34.7659    31.8046    36.5096    25.8640    24.4923    17.6918    14.9165     9.5496    10.7693     6.3903     7.9330     7.8227
    4.8080     7.1597     3.1778     8.3561     9.9864    12.8128    17.2796    18.1504    28.3517    18.3937    33.7572    43.5453    45.6817    33.8644    59.9990    79.6012    71.6245    78.7135    56.5127    97.6840    57.4976    75.2989    76.3614    95.6460   105.3384   107.7618   122.2901   107.1757    64.8694    80.9043   122.8467    78.0170    82.6999   102.4374    62.0794    46.8908    53.2306    37.9988    60.5830    44.8822    39.5528    52.7664    27.7096    16.8057    22.5737    14.4293     9.4365     7.9940     6.3620     5.7536     3.1908
    3.6361     2.5867     5.1713     9.1942     8.9440    15.3424    18.2761    23.9570    26.5593    32.5113    23.4499    34.2954    48.2398    32.3801    72.7487    55.7610    33.9137    71.9688    58.1493    79.2238    67.8778    85.0834   107.9976    77.4506    77.6677   107.6181   104.3802   100.3119    73.6390    96.0655    72.9722    71.8023    91.1664    54.2617    75.5555    61.4715    66.3208    36.7018    42.6193    38.1813    38.2385    44.8574    23.3640    22.3206    15.8061    13.9866    10.3632     4.9840     5.7754     3.7003     3.0522
    4.1357     3.1444     2.9635     4.5742     7.2951     8.2752    19.0338    18.0024    16.1271    31.5478    29.2808    42.9999    43.3186    58.8954    57.9047    72.7716    95.1822    57.1969    80.4074    84.7223    92.3665    95.8711    77.2177    53.1206    68.9761   106.3279    77.1083    63.5444   113.8799    93.9844    84.5417    77.9449    99.9788    84.9375    99.8055    76.7421    72.8543    32.4928    49.8814    43.6137    32.6634    38.5404    22.3005    23.2753    12.7287    12.2255     7.6639     6.3335     3.8168     2.2011     3.3580
    1.5537     2.5813     2.8353     4.9337     8.0469     8.0153    18.5258    17.6534    28.8573    34.9450    37.3791    54.8441    44.3625    54.3152    64.9803    45.4759    78.7412    96.6277    74.5556    86.3916   127.0346   108.2088   110.8527   106.5127   100.3227   144.8164   104.4947   114.1180    95.9312   132.9570    72.7743    78.4136    49.1048    79.6585    82.3413    89.3767    56.9883    57.5185    48.6718    28.9024    49.0694    30.5255    23.1646    23.7514    15.7960    11.1264     9.1316     7.8308     3.0504     1.6660     1.4172
    0.9018     1.3185     2.3678     4.7346     7.3774    13.0968    13.1445    19.1380    18.5997    24.6551    37.0928    32.7822    41.8936    47.6767    42.0131    68.5773    83.4161    58.2335    85.2639    90.4452    55.9046    97.2747    82.3495   117.2872   116.9739    92.1745   113.5122    86.8121   122.5755    25.3949    89.1512    78.3598    98.3290    53.8099    54.4367    51.1585    51.3977    58.7163    53.4722    50.0675    41.1311    25.2433    11.9496    16.5106    14.5699    13.9923     7.5398     4.2407     2.8737     1.2123     0.7675
    0.4989     0.9131     1.7472     1.4046     7.4395     9.0858    13.4567    17.9670    22.6277    31.3768    32.3970    38.8755    50.4415    58.8294    35.1427    67.4096    76.7345    76.6238    58.2231    70.2036    83.9740    56.8226    85.9268    74.4279    97.3156    94.6012    88.8696   114.4503    91.1855    87.3913    32.5592   101.0414    74.8869    67.9764    57.0258    59.7637    36.9291    70.3641    65.8438    51.4795    34.9775    27.6667    22.5868    16.5211    12.9785    10.6330     6.6137     2.1655     2.4560     0.8046     0.5773
    0.0761     0.4414     1.3276     3.6613     8.5175    10.5186    11.3840    14.4678    24.6707    28.0283    23.1848    36.8288    48.1124    60.5546    62.7439    51.0415    62.9180    64.5065    82.5398    77.9263    66.4458   103.6488   119.1827   110.7025   112.0562    91.2231   107.2673    81.3916   125.6626   108.2846    75.1841    65.4231    65.1632    65.8765    71.8004    61.8530    47.0675    56.0958    63.2093    40.8672    36.4217    29.0446    26.0604    16.1975    12.3397    10.0151     6.5330     2.5476     1.7456     0.6763     0.1139
    0.0000     0.4666     2.0175     2.7228     4.0003    11.2675    12.4706    14.9295    26.0353    30.0446    23.7060    37.3364    47.9764    52.7274    58.7945    68.1811    64.2196    85.3060    70.8799    78.8994    95.3845    92.8191    85.1668   106.0013    73.8066   113.7355    97.7424    76.5608   100.9974   104.2258    94.8627    84.3671    79.8228    67.9856    78.0501    83.2112    58.5212    71.8737    41.1618    40.6295    28.9254    19.5658    17.7575    21.9507    12.0571     9.6944     4.2685     3.5572     2.0952     0.4923     0.0000
    0.1163     0.5008     2.0650     3.7243     6.8802     8.4395    12.1720    18.1633    20.4900    33.5855    35.1282    50.9477    64.4501    41.8482    76.5133    72.0396    52.0268    75.1907    99.8148    94.5439   115.3243    91.1007    97.6542   133.4053    93.8808    86.7920   123.7675   114.8431   129.1291    61.2058   100.2564    91.3378    95.8195    70.9625    65.7958    62.2592    47.9129    49.1518    51.1536    44.8835    41.2458    22.4702    33.0948    14.2935    13.2674     9.1400     6.0360     3.7293     1.8512     0.6278     0.0864
    0.2464     0.9192     2.0191     4.2631     5.4476    12.4414    15.1912    21.5209    31.5925    27.6433    26.5391    43.6639    37.4195    42.6445    43.1370    57.0343    53.4326   112.0847    67.8375    93.0504    68.6289    78.8205    58.9492   100.4949    99.9255   103.5407    77.0105    87.1603    97.6456   118.2135    81.5736    70.2586    83.7335    63.1913    79.7776    66.9062    63.7979    36.8127    48.2738    37.7691    36.4240    35.7703    15.8132    11.5154    15.9480    10.8904     6.8933     3.3287     1.2148     0.8268     0.2146
    0.8510     1.4739     3.0935     4.3901     7.8414     8.8538    19.4188    23.1570    17.7021    27.8005    37.7178    32.5839    44.2340    58.3885    52.3866    87.0098    56.1882   111.3341    98.3790    91.5341   113.0369   129.2323   112.0402   132.1207    63.3357   109.0897    90.0035    99.5164    75.5295    95.5235   122.6315    89.4750   107.0211    78.9172    78.4141    84.4815    45.1159    42.7440    54.3379    33.3155    35.8109    21.9610    19.0032    24.6621    15.1118     7.9633     7.3808     4.3506     2.5984     1.4792     0.9894
    1.3069     1.6056     2.2233     5.6635     7.0638    14.5687    10.3060    23.1641    28.8414    25.5737    26.8438    31.0681    53.3778    63.1322    39.9982    67.4238    75.2248    60.3979    83.1165    61.5224   107.5810    93.2442    78.7073    81.6177    85.4968   111.7859    88.1800    95.1150    70.4283    66.8326    62.6738    76.2601    58.7446   102.7384    59.9168    47.0072    57.8518    54.9413    44.9935    43.5885    31.6684    26.2444    23.2242    14.7648    18.1139    10.9197     3.8848     3.8825     3.8543     2.1711     1.5778
    3.0394     3.4189     4.0627     5.1991     8.9162    11.5103    10.1870    21.5394    30.3356    30.2554    31.5542    40.7502    38.3462    53.8542    67.9683    60.2549    88.1779   101.4017   106.8933   103.3515    63.4424    76.5412    90.5550   116.7135   108.5449    75.9118    81.2901   125.2119    96.2226    89.7923   127.9290    78.5033    99.9330    73.5333    73.5351    61.8978    42.9765    64.5684    24.1666    33.6227    31.4329    29.5700    26.7599    15.5067    18.2453    10.6411     5.4364     6.3534     3.7653     2.2666     2.5916
    2.4468     4.5906     5.1298     6.8979    10.5233     9.3601    16.6745    19.8940    32.3085    25.5862    51.4530    53.6759    48.2585    61.0507    37.3650    81.7329    86.9004    81.4273   106.6961    64.3857    83.9305    81.1890    78.0125    70.2916   113.1090    52.6727    64.4762   102.8329   101.3971    90.7320    88.9371    65.0100    77.9275    77.6425    79.8013    69.1775    76.0393    61.0874    46.5187    49.4705    44.3529    32.0897    23.7795    14.8259    24.8546    15.5476    11.2346     6.8947     7.3628     4.8215     3.1987
    6.2771     4.2936     8.4972     6.8251    10.0235    14.2718    19.6772    22.3194    23.1343    32.4375    39.3468    33.8303    45.7091    45.9328    59.6080    50.0132    75.8757    63.3839    85.0114    71.3504    90.6116    72.1024    80.7143    76.0115   130.9628    88.6888   101.0648   114.8472    67.9289    92.1874   100.9556    87.5229    82.5374    99.1791    70.7368    71.1595    48.1261    55.5418    29.9909    30.3455    33.7051    27.9855    20.7837    21.4247    18.6460    13.2975     7.7502     8.5097     7.8262     4.1301     5.0139
    7.4449     6.2898     6.2457    10.6884    12.5382    13.2429    17.7935    21.6383    30.8030    33.0596    31.0930    46.3858    47.8175    60.5955    56.5252    85.7583    73.9132    94.1732    72.5901    89.7109    91.5428    76.4169    86.7724    75.3684   108.7148    86.8125    97.0311   107.4350   100.6250   104.7784   107.0204    57.9432    52.5730    76.1441    80.8660    45.2472    40.4083    62.1525    52.3436    55.9535    38.7697    25.3887    31.0380    16.6911    12.2227    10.9690    10.8146    10.8613     8.1840     5.3374     5.0150
    9.3034     6.0192     8.7289    11.0871    14.7072    16.4598    24.7208    26.7594    20.0236    30.8635    25.9554    58.3648    44.4781    52.8669    64.9539    58.3284    73.0419    73.3719    88.8311    64.9539    88.1185   102.6864    91.7190    93.7995    76.6130    92.9693   119.2738    79.3716    96.8505    83.1066    81.1414    88.2934    67.9046    77.8217    61.7200    53.9098    44.0134    31.9669    48.2317    54.0932    47.0791    47.3887    29.6875    23.0622    13.2401    14.2628    15.3775     9.7397     6.2089    10.9133     8.7182
    8.9180     8.3204     7.6005    15.6281    15.6778    18.1520    22.3017    17.6678    30.3656    18.2164    30.4273    23.9712    56.3536    40.0301    65.9246    57.0514    63.2113    75.3961    61.0693    93.7776    97.1290    89.9621   109.5548   125.5843    91.9057    87.3348   110.6904    77.0476   101.9618    86.0712    73.5760    75.9557    60.9237    69.1192    56.2772    73.1592    54.9304    58.5177    47.7969    50.4785    36.6162    39.3279    28.7961    33.7039    21.3308    12.2868    17.8517     8.1403    10.0719    12.4090     8.3189
   12.5134    12.1278    10.6076     9.0229    14.3900    16.9706    23.4805    19.6403    29.1924    42.2461    43.0875    33.4276    53.9273    48.9400    49.7947    55.8259    87.5278   113.0087    73.9952    72.0603    78.4296    58.5965    76.9337   107.9933    95.1082   119.3233   122.2239   108.5653    79.2318    71.2254    90.2985    78.9949    74.7229    81.5032    69.7362    49.5856    44.4389    51.0955    57.4089    29.7859    30.8125    32.6243    31.2988    26.3859    23.2450    16.9972    12.9306    14.9626    10.1793    14.4136    11.5245
   11.7683    15.5042    14.5299    15.4152    18.4688    28.9293    26.0008    29.5533    21.7414    24.4039    30.3100    29.5989    42.9838    38.1369    65.2722    88.4450    54.9572    71.0069    56.5072    81.3825   103.9333    84.2057    99.0010    98.7730   115.4417    77.6480    92.0152   108.0287    75.2551    79.5854    55.6930    77.8933    83.1757    84.8181    43.1412    67.4044    54.2247    66.6030    59.1849    26.2767    45.0691    44.3045    23.9223    29.5131    25.9552    24.7593    13.6007    12.0939    19.8582    16.8935     9.5835
   16.0185    18.8641    17.3046    17.1306    24.1742    16.3702    22.3724    32.1634    32.5954    29.9427    32.2668    50.0831    45.7738    40.5219    67.1788    50.9660    60.8806    52.0567    63.6526    89.3443    81.5092    83.7754    69.3763    68.0826    99.3245    51.1252    95.4445   116.8154    97.0178    81.0338    80.3734    84.5705    70.4874    66.5317    67.1856    42.2226    36.0839    45.6014    34.4114    32.9878    40.1879    39.0878    30.8229    30.6997    28.7830    19.7729    16.2005    21.8381    20.9210    16.0453    10.4075
   19.1777    14.6767    18.2448    22.2076    22.4441    26.9216    33.0828    29.1997    23.3889    47.6557    52.7034    43.6957    46.4572    35.0320    55.3362    80.6221    62.7089    50.0621    74.7727    82.5405    88.5520    93.8453   100.7086   101.0266    86.5289   104.9673    83.2743   101.6607   129.0897    77.6340    88.8453    81.3057    76.9320    86.8985    61.5743    60.7350    71.6461    40.9383    56.1975    54.5019    37.1698    36.9330    34.9545    40.4268    27.6988    17.3407    18.6863    20.4785    18.5702    25.8700    23.2197
   17.6030    21.3554    22.1455    10.2686    20.3029    23.8611    31.7039    35.9602    30.7668    44.9219    39.8143    55.0226    25.1800    39.2090    55.7986    48.0320    62.6501    58.1504    67.5560    90.2902    60.9672    58.3720    97.0527    90.4343    71.4379   112.5521    80.5404    80.2944    68.0555    80.1557    79.0306    58.1472    74.4064    70.6942    65.6354    53.7252    56.3406    66.6085    40.8175    55.9216    29.1584    24.6328    31.5039    39.3331    24.2924    36.8220    17.0494    13.0547    14.6219    28.0151    18.2304
   22.4661    24.6156    29.3920    21.9073    27.2451    33.0986    24.0608    44.0772    48.7631    44.2428    56.7348    41.6250    60.1683    48.8059    62.6087    49.8135    60.4258    54.7546    58.8985    48.3060    72.2945    62.3961    52.8163    94.6806    81.3013    59.8735    81.3870    77.6309    60.2911   103.2196    64.6160    73.4017    61.9796    60.9723    74.3821    54.4904    56.5533    51.2954    48.7487    42.4620    36.1856    44.3301    43.8640    32.6673    29.2055    22.8624    27.0827    25.6932    27.4979    15.7941    26.3582
   32.2539    28.4543    31.4106    24.4707    27.4970    35.8848    32.6339    21.0722    36.9763    34.9268    49.8591    52.3884    55.1452    65.2373    53.5919    79.6615    57.8678    60.0670    62.0195    51.7882    62.0246    53.4680    67.8099    92.2792    99.1988    81.4547    67.3508    59.2046    89.1163    70.5958    58.4058    79.4601   100.9578    62.3926    50.8975    67.8463    48.3304    45.5381    40.6012    55.4610    35.7491    38.0558    32.5016    22.2893    28.2881    38.4656    29.8961    22.2468    24.0385    27.6344    27.7392
   24.7073    17.7339    28.5436    46.7020    41.0405    32.7176    34.9570    28.4360    43.5147    33.6048    61.6022    49.7586    61.2747    63.6718    54.5040    49.7759    73.2118    59.3117   102.1514    50.4711    65.2510    66.1819    92.4465    84.8151    56.6194    64.2850    85.1103    51.5327    65.1360    60.2315    51.0551    63.1267    56.8462    54.8871    53.4232    57.3396    48.8022    51.6404    42.5529    50.3451    46.6299    25.0435    43.3836    42.8965    22.8628    32.2675    27.7606    26.9264    27.5596    36.9747    37.6635
   28.4227    26.4936    30.5916    40.5355    38.5023    39.5839    40.5504    31.8225    34.9418    61.6588    40.3741    66.9793    50.8610    40.1211    37.2229    60.5246    40.9839    67.1379    59.7270    61.3754    66.9746    86.4021    59.3600    63.4460    69.4190    70.7677    70.6122    63.5196    68.1063    67.8729    73.3855    52.5264    78.4528    72.9230    72.8360    70.9841    56.8296    46.1946    37.1296    40.0808    39.2505    51.1024    43.8983    24.4757    31.1462    34.4680    40.9416    37.1245    37.5235    26.7805    19.5787
   33.2789    32.7790    29.0405    36.1715    33.2836    23.6980    32.6428    55.5686    50.9475    38.3031    39.6780    49.6918    47.4243    49.3834    46.8948    65.4181    65.8245    43.5537    60.4126    71.8506    66.8045    64.8708    47.0612    79.4552    79.2077    56.1566    59.8582    70.2461    46.6041    79.3159    75.7891    74.8197    57.6940    43.1702    73.3213    59.5272    35.4212    58.2062    49.8857    51.0616    53.3076    40.0567    26.7717    36.7252    37.8662    32.7215    30.1060    40.6688    32.1632    32.6856    36.1779
   46.9261    38.8297    35.0365    38.3788    34.5544    36.7958    33.2094    39.7065    45.6522    40.1707    53.5222    36.5286    34.0573    44.3202    46.4984    25.3623    53.5117    71.6716    54.5157    57.2811    61.3996    66.0925    54.2645    72.3044    88.2929    55.1145    65.2301    65.3986    57.0736    69.7619    49.9829    77.2627    48.6398    56.1130    53.1625    42.8080    58.7672    43.1816    71.4946    59.7893    33.6333    38.5739    33.1953    49.2426    46.1496    47.3202    40.2893    55.2900    47.0428    32.9395    35.3053
   42.3517    43.3120    30.6905    46.9301    36.3812    37.0227    52.3341    38.4368    36.7476    38.6697    42.4789    49.2894    52.9490    56.1146    49.1352    51.7952    51.5896    57.7555    66.2705    73.5896    52.5457    56.5143    42.5891    70.1636    52.4349    52.3844    62.0442    62.3789    63.5810    69.5750    40.6970    53.7355    65.0158    61.8873    42.1577    70.7167    41.2588    47.3903    54.7788    36.4254    38.6230    39.0385    40.1006    40.5757    33.9248    36.1866    45.6751    39.1105    43.7945    45.6845    31.9213
   60.9133    67.1038    49.7542    46.2868    43.8971    36.5501    61.8643    51.3483    49.5489    50.5739    61.8530    51.1599    41.0178    57.2207    49.4865    63.1292    53.6368    59.9254    48.7232    34.9727    73.0811    64.9239    67.4272    23.9154    66.0751    71.3361    53.3647    54.0469    65.0688    39.3675    56.5682    73.0490    60.7063    33.1002    44.7750    42.3213    37.3627    37.6613    52.1274    90.0055    55.2170    34.1215    32.5474    61.6613    48.8866    47.8898    35.6480    48.1629    54.8217    46.8984    47.3424
   57.8051    44.5932    66.0002    37.3820    48.7801    46.0987    51.8393    70.8704    47.4875    52.1751    48.7185    53.4655    51.0898    59.2943    44.5961    73.9540    51.4021    31.1024    59.0407    54.2982    62.0816    55.7858    52.8934    68.2261    56.9147    40.9284    60.4593    42.9020    48.5116    74.0091    67.9112    48.3392    48.1660    32.4438    61.3199    33.9074    50.6347    43.4888    39.1650    48.0259    47.0404    64.3937    33.0500    18.5695    41.2758    35.0371    42.8188    66.9745    34.3572    39.3617    44.4180
   56.4043    54.3355    58.5813    44.9905    61.0485    40.4862    59.9093    66.3883    48.9804    48.4951    59.4229    24.0451    48.7893    44.3881    42.2943    66.5508    39.7920    30.1839    65.7006    45.2948    50.9454    70.9729    53.3592    60.3596    45.0224    50.5208    59.3838    46.1604    43.5845    34.8422    30.7026    57.2602    44.3071    56.0983    49.7205    54.0961    41.1467    57.7736    31.8782    54.5080    49.6034    55.0606    56.5887    43.4286    43.0309    53.0499    54.2902    65.1394    49.8374    55.3364    65.9077
