   50.0000    50.0000    50.0000    50.0000    50.0000    50.0000    50.0000    50.0000    50.0000    50.0000    50.0000    50.0000    50.0000    50.0000    50.0000    50.0000    50.0000    50.0000    50.0000    50.0000    50.0000    50.0000    50.0000    50.0000    50.0000    50.0000    50.0000    50.0000    50.0000    50.0000    50.0000    50.0000    50.0000    50.0000    50.0000    50.0000    50.0000    50.0000    50.0000    50.0000    50.0000    50.0000    50.0000    50.0000    50.0000    50.0000    50.0000    50.0000    50.0000    50.0000    50.0000
   46.8605    46.8852    46.9591    47.0809    47.2488    47.4601    47.7114    47.9988    48.3178    48.6633    49.0298    49.4117    49.8029    50.1971    50.5883    50.9702    51.3367    51.6822    52.0012    52.2886    52.5399    52.7512    52.9191    53.0409    53.1148    53.1395    53.1148    53.0409    52.9191    52.7512    52.5399    52.2886    52.0012    51.6822    51.3367    50.9702    50.5883    50.1971    49.8029    49.4117    49.0298    48.6633    48.3178    47.9988    47.7114    47.4601    47.2488    47.0809    46.9591    46.8852    46.8605
   43.7333    43.7828    43.9302    44.1734    44.5085    44.9302    45.4318    46.0055    46.6422    47.3318    48.0635    48.8257    49.6065    50.3935    51.1743    51.9365    52.6682    53.3578    53.9945    54.5682    55.0698    55.4915    55.8266    56.0698    56.2172    56.2667    56.2172    56.0698    55.8266    55.4915    55.0698    54.5682    53.9945    53.3578    52.6682    51.9365    51.1743    50.3935    49.6065    48.8257    48.0635    47.3318    46.6422    46.0055    45.4318    44.9302    44.5085    44.1734    43.9302    43.7828    43.7333
   40.6309    40.7048    40.9253    41.2889    41.7898    42.4203    43.1702    44.0279    44.9798    46.0108    47.1048    48.2444    49.4117    50.5883    51.7556    52.8952    53.9892    55.0202    55.9721    56.8298    57.5797    58.2102    58.7111    59.0747    59.2952    59.3691    59.2952    59.0747    58.7111    58.2102    57.5797    56.8298    55.9721    55.0202    53.9892    52.8952    51.7556    50.5883    49.4117    48.2444    47.1048    46.0108    44.9798    44.0279    43.1702    42.4203    41.7898    41.2889    40.9253    40.7048    40.6309
   37.5655    37.6636    37.9562    38.4387    39.1036    39.9403    40.9356    42.0740    43.3373    44.7056    46.1575    47.6700    49.2192    50.7808    52.3300    53.8425    55.2944    56.6627    57.9260    59.0644    60.0597    60.8964    61.5613    62.0438    62.3364    62.4345    62.3364    62.0438    61.5613    60.8964    60.0597    59.0644    57.9260    56.6627    55.2944    53.8425    52.3300    50.7808    49.2192    47.6700    46.1575    44.7056    43.3373    42.0740    40.9356    39.9403    39.1036    38.4387    37.9562    37.6636    37.5655
   34.5492    34.6710    35.0346    35.6342    36.4603    37.5000    38.7368    40.1513    41.7210    43.4213    45.2254    47.1048    49.0298    50.9702    52.8952    54.7746    56.5787    58.2790    59.8487    61.2632    62.5000    63.5397    64.3658    64.9654    65.3290    65.4508    65.3290    64.9654    64.3658    63.5397    62.5000    61.2632    59.8487    58.2790    56.5787    54.7746    52.8952    50.9702    49.0298    47.1048    45.2254    43.4213    41.7210    40.1513    38.7368    37.5000    36.4603    35.6342    35.0346    34.6710    34.5492
   31.5938    31.7389    32.1720    32.8863    33.8705    35.1090    36.5824    38.2674    40.1375    42.1630    44.3122    46.5510    48.8443    51.1557    53.4490    55.6878    57.8370    59.8625    61.7326    63.4176    64.8910    66.1295    67.1137    67.8280    68.2611    68.4062    68.2611    67.8280    67.1137    66.1295    64.8910    63.4176    61.7326    59.8625    57.8370    55.6878    53.4490    51.1557    48.8443    46.5510    44.3122    42.1630    40.1375    38.2674    36.5824    35.1090    33.8705    32.8863    32.1720    31.7389    31.5938
   28.7110    28.8789    29.3799    30.2060    31.3443    32.7769    34.4810    36.4299    38.5928    40.9356    43.4213    46.0108    48.6633    51.3367    53.9892    56.5787    59.0644    61.4072    63.5701    65.5190    67.2231    68.6557    69.7940    70.6201    71.1211    71.2890    71.1211    70.6201    69.7940    68.6557    67.2231    65.5190    63.5701    61.4072    59.0644    56.5787    53.9892    51.3367    48.6633    46.0108    43.4213    40.9356    38.5928    36.4299    34.4810    32.7769    31.3443    30.2060    29.3799    28.8789    28.7110
   25.9123    26.1023    26.6691    27.6038    28.8918    30.5127    32.4408    34.6459    37.0932    39.7440    42.5565    45.4864    48.4875    51.5125    54.5136    57.4435    60.2560    62.9068    65.3541    67.5592    69.4873    71.1082    72.3962    73.3309    73.8977    74.0877    73.8977    73.3309    72.3962    71.1082    69.4873    67.5592    65.3541    62.9068    60.2560    57.4435    54.5136    51.5125    48.4875    45.4864    42.5565    39.7440    37.0932    34.6459    32.4408    30.5127    28.8918    27.6038    26.6691    26.1023    25.9123
   23.2087    23.4199    24.0504    25.0900    26.5226    28.3254    30.4700    32.9226    35.6445    38.5928    41.7210    44.9798    48.3178    51.6822    55.0202    58.2790    61.4072    64.3555    67.0774    69.5300    71.6746    73.4774    74.9100    75.9496    76.5801    76.7913    76.5801    75.9496    74.9100    73.4774    71.6746    69.5300    67.0774    64.3555    61.4072    58.2790    55.0202    51.6822    48.3178    44.9798    41.7210    38.5928    35.6445    32.9226    30.4700    28.3254    26.5226    25.0900    24.0504    23.4199    23.2087
   20.6107    20.8425    21.5341    22.6746    24.2460    26.2236    28.5761    31.2666    34.2524    37.4867    40.9182    44.4930    48.1546    51.8454    55.5070    59.0818    62.5133    65.7476    68.7334    71.4239    73.7764    75.7540    77.3254    78.4659    79.1575    79.3893    79.1575    78.4659    77.3254    75.7540    73.7764    71.4239    68.7334    65.7476    62.5133    59.0818    55.5070    51.8454    48.1546    44.4930    40.9182    37.4867    34.2524    31.2666    28.5761    26.2236    24.2460    22.6746    21.5341    20.8425    20.6107
   18.1288    18.3801    19.1301    20.3669    22.0711    24.2157    26.7669    29.6845    32.9226    36.4299    40.1513    44.0279    47.9988    52.0012    55.9721    59.8487    63.5701    67.0774    70.3155    73.2331    75.7843    77.9289    79.6331    80.8699    81.6199    81.8712    81.6199    80.8699    79.6331    77.9289    75.7843    73.2331    70.3155    67.0774    63.5701    59.8487    55.9721    52.0012    47.9988    44.0279    40.1513    36.4299    32.9226    29.6845    26.7669    24.2157    22.0711    20.3669    19.1301    18.3801    18.1288
   15.7726    16.0425    16.8480    18.1762    20.0063    22.3095    25.0493    28.1827    31.6601    35.4267    39.4232    43.5864    47.8508    52.1492    56.4136    60.5768    64.5733    68.3399    71.8173    74.9507    77.6905    79.9937    81.8238    83.1520    83.9575    84.2274    83.9575    83.1520    81.8238    79.9937    77.6905    74.9507    71.8173    68.3399    64.5733    60.5768    56.4136    52.1492    47.8508    43.5864    39.4232    35.4267    31.6601    28.1827    25.0493    22.3095    20.0063    18.1762    16.8480    16.0425    15.7726
   13.5516    13.8390    14.6967    16.1111    18.0600    20.5126    23.4302    26.7669    30.4700    34.4810    38.7368    43.1702    47.7114    52.2886    56.8298    61.2632    65.5190    69.5300    73.2331    76.5698    79.4874    81.9400    83.8889    85.3033    86.1610    86.4484    86.1610    85.3033    83.8889    81.9400    79.4874    76.5698    73.2331    69.5300    65.5190    61.2632    56.8298    52.2886    47.7114    43.1702    38.7368    34.4810    30.4700    26.7669    23.4302    20.5126    18.0600    16.1111    14.6967    13.8390    13.5516
   11.4743    11.7781    12.6847    14.1797    16.2397    18.8321    21.9160    25.4428    29.3569    33.5966    38.0949    42.7810    47.5810    52.4190    57.2190    61.9051    66.4034    70.6431    74.5572    78.0840    81.1679    83.7603    85.8203    87.3153    88.2219    88.5257    88.2219    87.3153    85.8203    83.7603    81.1679    78.0840    74.5572    70.6431    66.4034    61.9051    57.2190    52.4190    47.5810    42.7810    38.0949    33.5966    29.3569    25.4428    21.9160    18.8321    16.2397    14.1797    12.6847    11.7781    11.4743
    9.5492     9.8681    10.8200    12.3898    14.5527    17.2746    20.5126    24.2157    28.3254    32.7769    37.5000    42.4203    47.4601    52.5399    57.5797    62.5000    67.2231    71.6746    75.7843    79.4874    82.7254    85.4473    87.6102    89.1800    90.1319    90.4508    90.1319    89.1800    87.6102    85.4473    82.7254    79.4874    75.7843    71.6746    67.2231    62.5000    57.5797    52.5399    47.4601    42.4203    37.5000    32.7769    28.3254    24.2157    20.5126    17.2746    14.5527    12.3898    10.8200     9.8681     9.5492
    7.7836     8.1165     9.1099    10.7482    13.0055    15.8462    19.2256    23.0903    27.3793    32.0251    36.9544    42.0894    47.3492    52.6508    57.9106    63.0456    67.9749    72.6207    76.9097    80.7744    84.1538    86.9945    89.2518    90.8901    91.8835    92.2164    91.8835    90.8901    89.2518    86.9945    84.1538    80.7744    76.9097    72.6207    67.9749    63.0456    57.9106    52.6508    47.3492    42.0894    36.9544    32.0251    27.3793    23.0903    19.2256    15.8462    13.0055    10.7482     9.1099     8.1165     7.7836
    6.1847     6.5302     7.5612     9.2615    11.6043    14.5527    18.0600    22.0711    26.5226    31.3443    36.4603    41.7898    47.2488    52.7512    58.2102    63.5397    68.6557    73.4774    77.9289    81.9400    85.4473    88.3957    90.7385    92.4388    93.4698    93.8153    93.4698    92.4388    90.7385    88.3957    85.4473    81.9400    77.9289    73.4774    68.6557    63.5397    58.2102    52.7512    47.2488    41.7898    36.4603    31.3443    26.5226    22.0711    18.0600    14.5527    11.6043     9.2615     7.5612     6.5302     6.1847
    4.7586     5.1154     6.1800     7.9357    10.3547    13.3990    17.0205    21.1621    25.7585    30.7372    36.0197    41.5226    47.1593    52.8407    58.4774    63.9803    69.2628    74.2415    78.8379    82.9795    86.6010    89.6453    92.0643    93.8200    94.8846    95.2414    94.8846    93.8200    92.0643    89.6453    86.6010    82.9795    78.8379    74.2415    69.2628    63.9803    58.4774    52.8407    47.1593    41.5226    36.0197    30.7372    25.7585    21.1621    17.0205    13.3990    10.3547     7.9357     6.1800     5.1154     4.7586
    3.5112     3.8778     4.9717     6.7758     9.2615    12.3898    16.1111    20.3669    25.0900    30.2060    35.6342    41.2889    47.0809    52.9191    58.7111    64.3658    69.7940    74.9100    79.6331    83.8889    87.6102    90.7385    93.2242    95.0283    96.1222    96.4888    96.1222    95.0283    93.2242    90.7385    87.6102    83.8889    79.6331    74.9100    69.7940    64.3658    58.7111    52.9191    47.0809    41.2889    35.6342    30.2060    25.0900    20.3669    16.1111    12.3898     9.2615     6.7758     4.9717     3.8778     3.5112
    2.4472     2.8221     3.9411     5.7865     8.3291    11.5290    15.3355    19.6887    24.5199    29.7530    35.3054    41.0895    47.0141    52.9859    58.9105    64.6946    70.2470    75.4801    80.3113    84.6645    88.4710    91.6709    94.2135    96.0589    97.1779    97.5528    97.1779    96.0589    94.2135    91.6709    88.4710    84.6645    80.3113    75.4801    70.2470    64.6946    58.9105    52.9859    47.0141    41.0895    35.3054    29.7530    24.5199    19.6887    15.3355    11.5290     8.3291     5.7865     3.9411     2.8221     2.4472
    1.5708     1.9527     3.0923     4.9717     7.5612    10.8200    14.6967    19.1301    24.0504    29.3799    35.0346    40.9253    46.9591    53.0409    59.0747    64.9654    70.6201    75.9496    80.8699    85.3033    89.1800    92.4388    95.0283    96.9077    98.0473    98.4292    98.0473    96.9077    95.0283    92.4388    89.1800    85.3033    80.8699    75.9496    70.6201    64.9654    59.0747    53.0409    46.9591    40.9253    35.0346    29.3799    24.0504    19.1301    14.6967    10.8200     7.5612     4.9717     3.0923     1.9527     1.5708
    0.8856     1.2729     2.4287     4.3346     6.9608    10.2656    14.1972    18.6933    23.6832    29.0881    34.8228    40.7969    46.9161    53.0839    59.2031    65.1772    70.9119    76.3168    81.3067    85.8028    89.7344    93.0392    95.6654    97.5713    98.7271    99.1144    98.7271    97.5713    95.6654    93.0392    89.7344    85.8028    81.3067    76.3168    70.9119    65.1772    59.2031    53.0839    46.9161    40.7969    34.8228    29.0881    23.6832    18.6933    14.1972    10.2656     6.9608     4.3346     2.4287     1.2729     0.8856
    0.3943     0.7854     1.9527     3.8778     6.5302     9.8681    13.8390    18.3801    23.4199    28.8789    34.6710    40.7048    46.8852    53.1148    59.2952    65.3290    71.1211    76.5801    81.6199    86.1610    90.1319    93.4698    96.1222    98.0473    99.2146    99.6057    99.2146    98.0473    96.1222    93.4698    90.1319    86.1610    81.6199    76.5801    71.1211    65.3290    59.2952    53.1148    46.8852    40.7048    34.6710    28.8789    23.4199    18.3801    13.8390     9.8681     6.5302     3.8778     1.9527     0.7854     0.3943
    0.0987     0.4922     1.6664     3.6029     6.2711     9.6290    13.6235    18.1917    23.2615    28.7530    34.5796    40.6494    46.8667    53.1333    59.3506    65.4204    71.2470    76.7385    81.8083    86.3765    90.3710    93.7289    96.3971    98.3336    99.5078    99.9013    99.5078    98.3336    96.3971    93.7289    90.3710    86.3765    81.8083    76.7385    71.2470    65.4204    59.3506    53.1333    46.8667    40.6494    34.5796    28.7530    23.2615    18.1917    13.6235     9.6290     6.2711     3.6029     1.6664     0.4922     0.0987
    0.0000     0.3943     1.5708     3.5112     6.1847     9.5492    13.5516    18.1288    23.2087    28.7110    34.5492    40.6309    46.8605    53.1395    59.3691    65.4508    71.2890    76.7913    81.8712    86.4484    90.4508    93.8153    96.4888    98.4292    99.6057   100.0000    99.6057    98.4292    96.4888    93.8153    90.4508    86.4484    81.8712    76.7913    71.2890    65.4508    59.3691    53.1395    46.8605    40.6309    34.5492    28.7110    23.2087    18.1288    13.5516     9.5492     6.1847     3.5112     1.5708     0.3943     0.0000
    0.0987     0.4922     1.6664     3.6029     6.2711     9.6290    13.6235    18.1917    23.2615    28.7530    34.5796    40.6494    46.8667    53.1333    59.3506    65.4204    71.2470    76.7385    81.8083    86.3765    90.3710    93.7289    96.3971    98.3336    99.5078    99.9013    99.5078    98.3336    96.3971    93.7289    90.3710    86.3765    81.8083    76.7385    71.2470    65.4204    59.3506    53.1333    46.8667    40.6494    34.5796    28.7530    23.2615    18.1917    13.6235     9.6290     6.2711     3.6029     1.6664     0.4922     0.0987
    0.3943     0.7854     1.9527     3.8778     6.5302     9.8681    13.8390    18.3801    23.4199    28.8789    34.6710    40.7048    46.8852    53.1148    59.2952    65.3290    71.1211    76.5801    81.6199    86.1610    90.1319    93.4698    96.1222    98.0473    99.2146    99.6057    99.2146    98.0473    96.1222    93.4698    90.1319    86.1610    81.6199    76.5801    71.1211    65.3290    59.2952    53.1148    46.8852    40.7048    34.6710    28.8789    23.4199    18.3801    13.8390     9.8681     6.5302     3.8778     1.9527     0.7854     0.3943
    0.8856     1.2729     2.4287     4.3346     6.9608    10.2656    14.1972    18.6933    23.6832    29.0881    34.8228    40.7969    46.9161    53.0839    59.2031    65.1772    70.9119    76.3168    81.3067    85.8028    89.7344    93.0392    95.6654    97.5713    98.7271    99.1144    98.7271    97.5713    95.6654    93.0392    89.7344    85.8028    81.3067    76.3168    70.9119    65.1772    59.2031    53.0839    46.9161    40.7969    34.8228    29.0881    23.6832    18.6933    14.1972    10.2656     6.9608     4.3346     2.4287     1.2729     0.8856
    1.5708     1.9527     3.0923     4.9717     7.5612    10.8200    14.6967    19.1301    24.0504    29.3799    35.0346    40.9253    46.9591    53.0409    59.0747    64.9654    70.6201    75.9496    80.8699    85.3033    89.1800    92.4388    95.0283    96.9077    98.0473    98.4292    98.0473    96.9077    95.0283    92.4388    89.1800    85.3033    80.8699    75.9496    70.6201    64.9654    59.0747    53.0409    46.9591    40.9253    35.0346    29.3799    24.0504    19.1301    14.6967    10.8200     7.5612     4.9717     3.0923     1.9527     1.5708
    2.4472     2.8221     3.9411     5.7865     8.3291    11.5290    15.3355    19.6887    24.5199    29.7530    35.3054    41.0895    47.0141    52.9859    58.9105    64.6946    70.2470    75.4801    80.3113    84.6645    88.4710    91.6709    94.2135    96.0589    97.1779    97.5528    97.1779    96.0589    94.2135    91.6709    88.4710    84.6645    80.3113    75.4801    70.2470    64.6946    58.9105    52.9859    47.0141    41.0895    35.3054    29.7530    24.5199    19.6887    15.3355    11.5290     8.3291     5.7865     3.9411     2.8221     2.4472
    3.5112     3.8778     4.9717     6.7758     9.2615    12.3898    16.1111    20.3669    25.0900    30.2060    35.6342    41.2889    47.0809    52.9191    58.7111    64.3658    69.7940    74.9100    79.6331    83.8889    87.6102    90.7385    93.2242    95.0283    96.1222    96.4888    96.1222    95.0283    93.2242    90.7385    87.6102    83.8889    79.6331    74.9100    69.7940    64.3658    58.7111    52.9191    47.0809    41.2889    35.6342    30.2060    25.0900    20.3669    16.1111    12.3898     9.2615     6.7758     4.9717     3.8778     3.5112
    4.7586     5.1154     6.1800     7.9357    10.3547    13.3990    17.0205    21.1621    25.7585    30.7372    36.0197    41.5226    47.1593    52.8407    58.4774    63.9803    69.2628    74.2415    78.8379    82.9795    86.6010    89.6453    92.0643    93.8200    94.8846    95.2414    94.8846    93.8200    92.0643    89.6453    86.6010    82.9795    78.8379    74.2415    69.2628    63.9803    58.4774    52.8407    47.1593    41.5226    36.0197    30.7372    25.7585    21.1621    17.0205    13.3990    10.3547     7.9357     6.1800     5.1154     4.7586
    6.1847     6.5302     7.5612     9.2615    11.6043    14.5527    18.0600    22.0711    26.5226    31.3443    36.4603    41.7898    47.2488    52.7512    58.2102    63.5397    68.6557    73.4774    77.9289    81.9400    85.4473    88.3957    90.7385    92.4388    93.4698    93.8153    93.4698    92.4388    90.7385    88.3957    85.4473    81.9400    77.9289    73.4774    68.6557    63.5397    58.2102    52.7512    47.2488    41.7898    36.4603    31.3443    26.5226    22.0711    18.0600    14.5527    11.6043     9.2615     7.5612     6.5302     6.1847
    7.7836     8.1165     9.1099    10.7482    13.0055    15.8462    19.2256    23.0903    27.3793    32.0251    36.9544    42.0894    47.3492    52.6508    57.9106    63.0456    67.9749    72.6207    76.9097    80.7744    84.1538    86.9945    89.2518    90.8901    91.8835    92.2164    91.8835    90.8901    89.2518    86.9945    84.1538    80.7744    76.9097    72.6207    67.9749    63.0456    57.9106    52.6508    47.3492    42.0894    36.9544    32.0251    27.3793    23.0903    19.2256    15.8462    13.0055    10.7482     9.1099     8.1165     7.7836
    9.5492     9.8681    10.8200    12.3898    14.5527    17.2746    20.5126    24.2157    28.3254    32.7769    37.5000    42.4203    47.4601    52.5399    57.5797    62.5000    67.2231    71.6746    75.7843    79.4874    82.7254    85.4473    87.6102    89.1800    90.1319    90.4508    90.1319    89.1800    87.6102    85.4473    82.7254    79.4874    75.7843    71.6746    67.2231    62.5000    57.5797    52.5399    47.4601    42.4203    37.5000    32.7769    28.3254    24.2157    20.5126    17.2746    14.5527    12.3898    10.8200     9.8681     9.5492
   11.4743    11.7781    12.6847    14.1797    16.2397    18.8321    21.9160    25.4428    29.3569    33.5966    38.0949    42.7810    47.5810    52.4190    57.2190    61.9051    66.4034    70.6431    74.5572    78.0840    81.1679    83.7603    85.8203    87.3153    88.2219    88.5257    88.2219    87.3153    85.8203    83.7603    81.1679    78.0840    74.5572    70.6431    66.4034    61.9051    57.2190    52.4190    47.5810    42.7810    38.0949    33.5966    29.3569    25.4428    21.9160    18.8321    16.2397    14.1797    12.6847    11.7781    11.4743
   13.5516    13.8390    14.6967    16.1111    18.0600    20.5126    23.4302    26.7669    30.4700    34.4810    38.7368    43.1702    47.7114    52.2886    56.8298    61.2632    65.5190    69.5300    73.2331    76.5698    79.4874    81.9400    83.8889    85.3033    86.1610    86.4484    86.1610    85.3033    83.8889    81.9400    79.4874    76.5698    73.2331    69.5300    65.5190    61.2632    56.8298    52.2886    47.7114    43.1702    38.7368    34.4810    30.4700    26.7669    23.4302    20.5126    18.0600    16.1111    14.6967    13.8390    13.5516
   15.7726    16.0425    16.8480    18.1762    20.0063    22.3095    25.0493    28.1827    31.6601    35.4267    39.4232    43.5864    47.8508    52.1492    56.4136    60.5768    64.5733    68.3399    71.8173    74.9507    77.6905    79.9937    81.8238    83.1520    83.9575    84.2274    83.9575    83.1520    81.8238    79.9937    77.6905    74.9507    71.8173    68.3399    64.5733    60.5768    56.4136    52.1492    47.8508    43.5864    39.4232    35.4267    31.6601    28.1827    25.0493    22.3095    20.0063    18.1762    16.8480    16.0425    15.7726
   18.1288    18.3801    19.1301    20.3669    22.0711    24.2157    26.7669    29.6845    32.9226    36.4299    40.1513    44.0279    47.9988    52.0012    55.9721    59.8487    63.5701    67.0774    70.3155    73.2331    75.7843    77.9289    79.6331    80.8699    81.6199    81.8712    81.6199    80.8699    79.6331    77.9289    75.7843    73.2331    70.3155    67.0774    63.5701    59.8487    55.9721    52.0012    47.9988    44.0279    40.1513    36.4299    32.9226    29.6845    26.7669    24.2157    22.0711    20.3669    19.1301    18.3801    18.1288
   20.6107    20.8425    21.5341    22.6746    24.2460    26.2236    28.5761    31.2666    34.2524    37.4867    40.9182    44.4930    48.1546    51.8454    55.5070    59.0818    62.5133    65.7476    68.7334    71.4239    73.7764    75.7540    77.3254    78.4659    79.1575    79.3893    79.1575    78.4659    77.3254    75.7540    73.7764    71.4239    68.7334    65.7476    62.5133    59.0818    55.5070    51.8454    48.1546    44.4930    40.9182    37.4867    34.2524    31.2666    28.5761    26.2236    24.2460    22.6746    21.5341    20.8425    20.6107
   23.2087    23.4199    24.0504    25.0900    26.5226    28.3254    30.4700    32.9226    35.6445    38.5928    41.7210    44.9798    48.3178    51.6822    55.0202    58.2790    61.4072    64.3555    67.0774    69.5300    71.6746    73.4774    74.9100    75.9496    76.5801    76.7913    76.5801    75.9496    74.9100    73.4774    71.6746    69.5300    67.0774    64.3555    61.4072    58.2790    55.0202    51.6822    48.3178    44.9798    41.7210    38.5928    35.6445    32.9226    30.4700    28.3254    26.5226    25.0900    24.0504    23.4199    23.2087
   25.9123    26.1023    26.6691    27.6038    28.8918    30.5127    32.4408    34.6459    37.0932    39.7440    42.5565    45.4864    48.4875    51.5125    54.5136    57.4435    60.2560    62.9068    65.3541    67.5592    69.4873    71.1082    72.3962    73.3309    73.8977    74.0877    73.8977    73.3309    72.3962    71.1082    69.4873    67.5592    65.3541    62.9068    60.2560    57.4435    54.5136    51.5125    48.4875    45.4864    42.5565    39.7440    37.0932    34.6459    32.4408    30.5127    28.8918    27.6038    26.6691    26.1023    25.9123
   28.7110    28.8789    29.3799    30.2060    31.3443    32.7769    34.4810    36.4299    38.5928    40.9356    43.4213    46.0108    48.6633    51.3367    53.9892    56.5787    59.0644    61.4072    63.5701    65.5190    67.2231    68.6557    69.7940    70.6201    71.1211    71.2890    71.1211    70.6201    69.7940    68.6557    67.2231    65.5190    63.5701    61.4072    59.0644    56.5787    53.9892    51.3367    48.6633    46.0108    43.4213    40.9356    38.5928    36.4299    34.4810    32.7769    31.3443    30.2060    29.3799    28.8789    28.7110
   31.5938    31.7389    32.1720    32.8863    33.8705    35.1090    36.5824    38.2674    40.1375    42.1630    44.3122    46.5510    48.8443    51.1557    53.4490    55.6878    57.8370    59.8625    61.7326    63.4176    64.8910    66.1295    67.1137    67.8280    68.2611    68.4062    68.2611    67.8280    67.1137    66.1295    64.8910    63.4176    61.7326    59.8625    57.8370    55.6878    53.4490    51.1557    48.8443    46.5510    44.3122    42.1630    40.1375    38.2674    36.5824    35.1090    33.8705    32.8863    32.1720    31.7389    31.5938
   34.5492    34.6710    35.0346    35.6342    36.4603    37.5000    38.7368    40.1513    41.7210    43.4213    45.2254    47.1048    49.0298    50.9702    52.8952    54.7746    56.5787    58.2790    59.8487    61.2632    62.5000    63.5397    64.3658    64.9654    65.3290    65.4508    65.3290    64.9654    64.3658    63.5397    62.5000    61.2632    59.8487    58.2790    56.5787    54.7746    52.8952    50.9702    49.0298    47.1048    45.2254    43.4213    41.7210    40.1513    38.7368    37.5000    36.4603    35.6342    35.0346    34.6710    34.5492
   37.5655    37.6636    37.9562    38.4387    39.1036    39.9403    40.9356    42.0740    43.3373    44.7056    46.1575    47.6700    49.2192    50.7808    52.3300    53.8425    55.2944    56.6627    57.9260    59.0644    60.0597    60.8964    61.5613    62.0438    62.3364    62.4345    62.3364    62.0438    61.5613    60.8964    60.0597    59.0644    57.9260    56.6627    55.2944    53.8425    52.3300    50.7808    49.2192    47.6700    46.1575    44.7056    43.3373    42.0740    40.9356    39.9403    39.1036    38.4387    37.9562    37.6636    37.5655
   40.6309    40.7048    40.9253    41.2889    41.7898    42.4203    43.1702    44.0279    44.9798    46.0108    47.1048    48.2444    49.4117    50.5883    51.7556    52.8952    53.9892    55.0202    55.9721    56.8298    57.5797    58.2102    58.7111    59.0747    59.2952    59.3691    59.2952    59.0747    58.7111    58.2102    57.5797    56.8298    55.9721    55.0202    53.9892    52.8952    51.7556    50.5883    49.4117    48.2444    47.1048    46.0108    44.9798    44.0279    43.1702    42.4203    41.7898    41.2889    40.9253    40.7048    40.6309
   43.7333    43.7828    43.9302    44.1734    44.5085    44.9302    45.4318    46.0055    46.6422    47.3318    48.0635    48.8257    49.6065    50.3935    51.1743    51.9365    52.6682    53.3578    53.9945    54.5682    55.0698    55.4915    55.8266    56.0698    56.2172    56.2667    56.2172    56.0698    55.8266    55.4915    55.0698    54.5682    53.9945    53.3578    52.6682    51.9365    51.1743    50.3935    49.6065    48.8257    48.0635    47.3318    46.6422    46.0055    45.4318    44.9302    44.5085    44.1734    43.9302    43.7828    43.7333
   46.8605    46.8852    46.9591    47.0809    47.2488    47.4601    47.7114    47.9988    48.3178    48.6633    49.0298    49.4117    49.8029    50.1971    50.5883    50.9702    51.3367    51.6822    52.0012    52.2886    52.5399    52.7512    52.9191    53.0409    53.1148    53.1395    53.1148    53.0409    52.9191    52.7512    52.5399    52.2886    52.0012    51.6822    51.3367    50.9702    50.5883    50.1971    49.8029    49.4117    49.0298    48.6633    48.3178    47.9988    47.7114    47.4601    47.2488    47.0809    46.9591    46.8852    46.8605
   50.0000    50.0000    50.0000    50.0000    50.0000    50.0000    50.0000    50.0000    50.0000    50.0000    50.0000    50.0000    50.0000    50.0000    50.0000    50.0000    50.0000    50.0000    50.0000    50.0000    50.0000    50.0000    50.0000    50.0000    50.0000    50.0000    50.0000    50.0000    50.0000    50.0000    50.0000    50.0000    50.0000    50.0000    50.0000    50.0000    50.0000    50.0000    50.0000    50.0000    50.0000    50.0000    50.0000    50.0000    50.0000    50.0000    50.0000    50.0000    50.0000    50.0000    50.0000
