1964    4   72.60   12.90
1964    5   69.50   14.30
1964    6   69.00   13.50
1964    7   67.00    4.80
1964    8   69.30   13.80
1964    9   70.20    7.00
1964   10   73.40    9.20
1964   11   73.70   11.10
1964   12   78.80   22.10
1965    1   78.60   25.40
1965    2   75.20   20.80
1965    3   74.10   17.50
1965    4   72.00   10.20
1965    5   78.20   34.50
1965    6   77.00   23.30
1965    7   74.30   17.30
1965    8   74.80   13.30
1965    9   76.60   24.50
1965   10   80.20   29.10
1965   11   77.70   22.80
1965   12   77.80   24.70
1966    1   87.90   40.30
1966    2   84.20   35.30
1966    3   90.30   36.40
1966    4   97.20   69.00
1966    5   98.50   64.20
1966    6   96.30   67.70
1966    7  106.70   80.20
1966    8  106.60   72.60
1966    9  110.90   71.10
1966   10  108.60   81.20
1966   11  113.30   81.00
1966   12  124.60   99.80
1967    1  147.70  157.00
1967    2  147.00  132.60
1967    3  160.60  158.30
1967    4  129.90   98.40
1967    5  143.00  122.50
1967    6  120.20   95.40
1967    7  140.30  129.50
1967    8  153.70  151.80
1967    9  132.10  108.70
1967   10  136.10  125.00
1967   11  145.30  133.60
1967   12  163.00  179.00
1968    1  189.10  172.50
1968    2  173.20  158.50
1968    3  142.60  130.50
1968    4  129.50  115.00
1968    5  154.90  180.00
1968    6  142.30  156.20
1968    7  137.20  136.20
1968    8  142.20  154.80
1968    9  141.00  166.00
1968   10  152.50  152.50
1968   11  138.50  121.70
1968   12  148.40  155.50
1969    1  152.70  147.80
1969    2  155.20  170.50
1969    3  172.30  192.30
1969    4  155.50  151.10
1969    5  145.40  169.90
1969    6  162.20  150.10
1969    7  136.60  137.10
1969    8  143.00  138.80
1969    9  137.30  129.30
1969   10  154.00  135.40
1969   11  156.70  132.40
1969   12  143.60  138.60
1970    1  158.30  157.90
1970    2  175.40  180.80
1970    3  158.40  145.70
1970    4  162.00  155.10
1970    5  168.40  180.50
1970    6  154.90  151.30
1970    7  152.00  159.30
1970    8  138.20  131.70
1970    9  143.20  140.80
1970   10  148.30  122.60
1970   11  162.00  134.80
1970   12  152.80  118.20
1971    1  162.60  129.20
1971    2  137.80  111.80
1971    3  111.90   85.90
1971    4  116.70  101.60
1971    5  109.90   81.50
1971    6  101.70   70.70
1971    7  117.40  114.70
1971    8  114.10   87.00
1971    9  104.00   71.30
1971   10  107.20   73.40
1971   11  114.00   89.50
1971   12  124.50  116.50
1972    1  114.80   87.00
1972    2  141.80  125.30
1972    3  128.50  113.50
1972    4  112.90   89.60
1972    5  129.60  113.90
1972    6  135.40  124.70
1972    7  122.00  108.30
1972    8  125.70  108.90
1972    9  113.60   90.70
1972   10  121.10   86.90
1972   11  101.60   59.20
1972   12  102.90   64.30
1973    1  102.20   61.80
1973    2   98.70   60.90
1973    3  100.40   65.40
1973    4  105.00   81.80
1973    5   97.00   60.30
1973    6   91.20   56.10
1973    7   84.50   33.20
1973    8   82.90   36.60
1973    9  105.60   84.10
1973   10   87.70   43.70
1973   11   81.50   34.30
1973   12   84.20   33.30
1974    1   83.10   39.40
1974    2   80.90   37.30
1974    3   79.20   30.90
1974    4   86.10   57.50
1974    5   90.60   56.30
1974    6   86.30   51.50
1974    7   92.50   79.10
1974    8   83.00   47.90
1974    9   87.80   57.20
1974   10   97.60   67.20
1974   11   90.30   35.90
1974   12   81.10   29.60
1975    1   77.50   27.30
1975    2   74.20   16.70
1975    3   72.40   16.90
1975    4   70.70    7.70
1975    5   70.10   13.10
1975    6   69.70   16.70
1975    7   77.20   40.40
1975    8   90.40   56.70
1975    9   79.60   20.30
1975   10   75.70   13.60
1975   11   80.80   27.90
1975   12   74.60   11.60
1976    1   74.70   11.90
1976    2   70.50    6.40
1976    3   76.70   31.50
1976    4   76.30   27.30
1976    5   70.60   18.20
1976    6   70.60   17.90
1976    7   67.50    2.90
1976    8   74.80   24.10
1976    9   73.10   20.00
1976   10   75.90   29.70
1976   11   72.90    7.90
1976   12   76.70   22.30
1977    1   77.40   23.80
1977    2   82.30   33.30
1977    3   76.60   13.00
1977    4   77.60   19.00
1977    5   79.60   27.00
1977    6   91.50   54.90
1977    7   81.10   30.60
1977    8   84.30   43.00
1977    9   99.90   62.40
1977   10   96.90   62.10
1977   11   93.70   41.60
1977   12  102.10   61.40
1978    1  109.60   73.70
1978    2  145.40  132.60
1978    3  141.80  108.40
1978    4  149.40  141.20
1978    5  146.50  117.10
1978    6  142.20  134.60
1978    7  131.10   99.70
1978    8  114.00   82.40
1978    9  157.90  195.70
1978   10  158.20  177.10
1978   11  151.50  138.50
1978   12  175.50  173.90
1979    1  203.00  235.90
1979    2  204.10  194.70
1979    3  185.80  195.30
1979    4  173.80  143.70
1979    5  165.20  190.30
1979    6  180.30  211.70
1979    7  165.90  225.70
1979    8  172.70  201.40
1979    9  200.20  266.90
1979   10  217.90  263.60
1979   11  231.70  259.50
1979   12  203.50  249.60
1980    1  206.20  226.10
1980    2  200.00  219.40
1980    3  168.10  178.70
1980    4  207.90  232.20
1980    5  224.00  254.70
1980    6  193.20  222.70
1980    7  184.80  192.90
1980    8  166.20  191.70
1980    9  183.90  219.60
1980   10  204.20  233.30
1980   11  218.10  209.50
1980   12  225.80  246.90
1981    1  174.60  156.60
1981    2  204.50  189.90
1981    3  205.30  196.60
1981    4  223.20  225.30
1981    5  194.60  194.70
1981    6  156.90  131.60
1981    7  191.90  205.30
1981    8  220.60  242.50
1981    9  219.50  245.30
1981   10  224.30  216.20
1981   11  207.80  186.00
1981   12  207.80  195.40
1982    1  179.00  149.80
1982    2  214.20  230.90
1982    3  210.50  221.10
1982    4  161.80  170.30
1982    5  144.70  119.30
1982    6  171.90  163.70
1982    7  159.60  139.40
1982    8  167.90  161.90
1982    9  165.30  167.40
1982   10  161.90  134.30
1982   11  167.40  127.50
1982   12  199.40  169.00
1983    1  142.30  115.50
1983    2  122.60   73.10
1983    3  118.60   88.70
1983    4  118.90  109.60
1983    5  137.10  132.50
1983    6  138.60  131.50
1983    7  125.00  108.90
1983    8  124.40   96.00
1983    9  109.00   69.90
1983   10  112.40   72.50
1983   11   92.50   45.70
1983   12   93.40   45.60
1984    1  116.10   74.80
1984    2  140.60  110.20
1984    3  122.00  116.70
1984    4  128.70   90.40
1984    5  128.30   96.90
1984    6  100.30   65.10
1984    7   89.30   55.70
1984    8   83.70   35.00
1984    9   78.10   22.60
1984   10   73.50   12.60
1984   11   76.30   26.50
1984   12   75.90   21.40
1985    1   74.50   17.80
1985    2   73.70   20.70
1985    3   73.30   16.90
1985    4   75.10   20.40
1985    5   80.20   32.40
1985    6   76.10   28.30
1985    7   78.70   39.90
1985    8   71.50   10.10
1985    9   69.50    4.30
1985   10   74.70   22.00
1985   11   74.20   17.90
1985   12   74.80   15.80
1986    1   73.20    2.80
1986    2   83.60   27.90
1986    3   77.00   13.80
1986    4   75.10   22.40
1986    5   72.60   16.10
1986    6   67.60    0.60
1986    7   70.20   18.10
1986    8   68.40    9.90
1986    9   68.70    5.10
1986   10   83.00   40.10
1986   11   77.10   15.40
1986   12   72.60    5.80
1987    1   72.50    9.80
1987    2   71.50    3.40
1987    3   74.00   17.40
1987    4   84.90   46.00
1987    5   87.80   39.10
1987    6   77.90   18.80
1987    7   84.20   38.20
1987    8   90.00   47.90
1987    9   86.10   42.20
1987   10   98.10   63.40
1987   11  101.20   48.80
1987   12   94.40   29.10
1988    1  108.00   70.50
1988    2  105.00   45.40
1988    3  114.90   91.20
1988    4  122.70  108.80
1988    5  115.20   74.20
1988    6  139.40  124.30
1988    7  152.70  131.40
1988    8  154.20  139.40
1988    9  152.50  142.70
1988   10  169.80  156.50
1988   11  156.20  156.80
1988   12  199.80  231.20
1989    1  235.40  210.10
1989    2  222.40  208.70
1989    3  205.10  170.40
1989    4  189.60  166.30
1989    5  190.10  195.40
1989    6  239.60  284.50
1989    7  181.90  180.50
1989    8  217.10  232.00
1989    9  225.90  225.10
1989   10  208.70  212.20
1989   11  235.10  238.20
1989   12  213.00  211.40
1990    1  210.10  227.40
1990    2  178.30  171.80
1990    3  188.80  191.70
1990    4  185.30  189.70
1990    5  189.70  175.20
1990    6  170.90  153.30
1990    7  180.70  191.10
1990    8  222.60  252.10
1990    9  177.40  169.10
1990   10  182.00  199.40
1990   11  184.30  178.80
1990   12  204.90  197.10
1991    1  229.40  195.30
1991    2  243.00  240.30
1991    3  230.00  197.00
1991    4  198.80  197.60
1991    5  190.30  166.90
1991    6  206.80  224.70
1991    7  212.00  240.20
1991    8  210.30  240.80
1991    9  180.60  168.90
1991   10  201.30  197.10
1991   11  172.00  159.50
1991   12  223.90  212.60
1992    1  217.60  198.30
1992    2  232.10  230.70
1992    3  171.30  151.00
1992    4  158.50  142.20
1992    5  125.40   94.30
1992    6  116.70   98.50
1992    7  132.20  114.20
1992    8  122.10   91.90
1992    9  116.80   94.00
1992   10  131.70  133.40
1992   11  145.20  129.60
1992   12  139.10  122.00
1993    1  121.00   81.40
1993    2  142.60  127.80
1993    3  136.40  102.40
1993    4  115.90   94.40
1993    5  112.40   78.80
1993    6  109.30   69.60
1993    7   99.00   80.40
1993    8   93.70   62.50
1993    9   87.00   31.20
1993   10  100.30   71.10
1993   11   95.90   48.20
1993   12  104.80   68.40
1994    1  115.00   84.90
1994    2   99.60   54.90
1994    3   90.40   47.50
1994    4   79.10   27.40
1994    5   79.90   29.80
1994    6   77.30   39.70
1994    7   80.50   50.60
1994    8   76.10   34.30
1994    9   79.00   40.50
1994   10   87.70   67.10
1994   11   80.90   29.50
1994   12   77.40   32.20
1995    1   82.70   32.60
1995    2   85.60   45.80
1995    3   85.10   46.30
1995    4   77.70   21.60
1995    5   75.50   19.40
1995    6   75.70   22.50
1995    7   73.90   20.40
1995    8   73.80   18.20
1995    9   72.00   15.70
1995   10   77.90   30.60
1995   11   74.20   14.00
1995   12   72.60   14.90
1996    1   74.50   13.30
1996    2   71.50    7.70
1996    3   70.70   12.60
1996    4   69.30    6.80
1996    5   70.10    7.60
1996    6   69.60   16.50
1996    7   71.20   11.80
1996    8   72.40   19.70
1996    9   69.40    3.00
1996   10   69.20    0.70
1996   11   78.70   24.90
1996   12   77.80   14.00
1997    1   74.00    7.40
1997    2   73.80   11.00
1997    3   73.50   12.10
1997    4   74.50   23.00
1997    5   74.60   25.40
1997    6   71.70   20.80
