1878    6   10.70
1878    7    0.20
1878    8    0.00
1878    9    8.80
1878   10    1.90
1878   11    6.80
1878   12    0.90
1879    1    1.60
1879    2    0.90
1879    3    0.00
1879    4   10.40
1879    5    4.00
1879    6    8.00
1879    7   12.60
1879    8   17.90
1879    9   10.10
1879   10   20.40
1879   11   21.90
1879   12   12.20
1880    1   40.10
1880    2   45.40
1880    3   32.10
1880    4   32.40
1880    5   39.10
1880    6   56.90
1880    7   36.50
1880    8   80.30
1880    9  110.10
1880   10   71.70
1880   11   51.10
1880   12   49.40
1881    1   60.60
1881    2   88.60
1881    3   85.80
1881    4   86.10
1881    5   72.50
1881    6  100.80
1881    7  128.20
1881    8   97.30
1881    9   88.60
1881   10  107.30
1881   11   91.50
1881   12   78.80
1882    1   75.00
1882    2  115.90
1882    3  111.50
1882    4  159.60
1882    5  106.90
1882    6   75.40
1882    7   75.70
1882    8   67.50
1882    9   96.10
1882   10   98.60
1882   11  140.60
1882   12   69.70
1883    1  101.00
1883    2   78.20
1883    3   71.30
1883    4  136.80
1883    5   52.50
1883    6  127.20
1883    7  134.40
1883    8   76.60
1883    9   87.80
1883   10  139.60
1883   11  140.80
1883   12  126.50
1884    1  152.60
1884    2  144.80
1884    3  145.80
1884    4  126.90
1884    5  110.90
1884    6   85.30
1884    7   88.50
1884    8   93.10
1884    9  103.10
1884   10   79.60
1884   11   60.90
1884   12   78.60
1885    1   71.40
1885    2  119.70
1885    3   82.90
1885    4   91.70
1885    5  121.60
1885    6  139.50
1885    7  110.90
1885    8   83.50
1885    9   66.00
1885   10   64.50
1885   11   51.60
1885   12   36.30
1886    1   49.80
1886    2   43.20
1886    3   95.50
1886    4   72.90
1886    5   51.20
1886    6   45.30
1886    7   50.40
1886    8   28.10
1886    9   35.70
1886   10   14.40
1886   11    0.60
1886   12   21.70
1887    1   17.00
1887    2   22.00
1887    3    7.10
1887    4   11.60
1887    5   33.40
1887    6   26.10
1887    7   38.90
1887    8   35.70
1887    9   12.40
1887   10   11.00
1887   11   11.50
1887   12   34.50
1888    1   21.20
1888    2   11.80
1888    3   13.10
1888    4    8.50
1888    5   11.70
1888    6   11.80
1888    7    5.00
1888    8    4.60
1888    9   14.60
1888   10    3.40
1888   11   17.90
1888   12   11.10
1889    1    1.30
1889    2   14.20
1889    3   11.10
1889    4    7.30
1889    5    4.00
1889    6   10.80
1889    7   15.80
1889    8   34.30
1889    9   10.90
1889   10    3.40
1889   11    0.30
1889   12   11.20
1890    1    8.80
1890    2    1.10
1890    3    8.50
1890    4    2.70
1890    5    7.90
1890    6    2.20
1890    7   19.30
1890    8   14.20
1890    9   28.60
1890   10   18.60
1890   11   15.90
1890   12   13.10
1891    1   22.50
1891    2   36.90
1891    3   17.20
1891    4   34.20
1891    5   68.50
1891    6   80.40
1891    7   98.00
1891    8   55.10
1891    9   89.70
1891   10   86.00
1891   11   69.80
1891   12   54.30
1892    1  115.20
1892    2  126.10
1892    3   83.30
1892    4  116.00
1892    5  132.70
1892    6  127.30
1892    7  127.60
1892    8  169.00
1892    9  104.70
1892   10  117.50
1892   11  108.90
1892   12  131.00
1893    1  125.00
1893    2  121.60
1893    3  109.50
1893    4  146.80
1893    5  141.30
1893    6  149.80
1893    7  147.60
1893    8  215.40
1893    9  129.90
1893   10  133.30
1893   11  125.20
1893   12  156.40
1894    1  138.60
1894    2  141.00
1894    3   87.10
1894    4  136.00
1894    5  168.70
1894    6  164.80
1894    7  176.70
1894    8  117.10
1894    9  110.00
1894   10  125.70
1894   11   94.30
1894   12  100.10
1895    1  105.40
1895    2  112.00
1895    3  101.60
1895    4  128.20
1895    5  112.50
1895    6  119.10
1895    7   79.70
1895    8  114.90
1895    9   96.10
1895   10  113.20
1895   11   78.60
1895   12  117.90
1896    1   48.40
1896    2   95.70
1896    3   86.50
1896    4   73.00
1896    5   46.10
1896    6   81.70
1896    7   75.20
1896    8   45.40
1896    9  102.20
1896   10   47.90
1896   11   63.30
1896   12   71.00
1897    1   67.60
1897    2   49.00
1897    3   48.70
1897    4   51.70
1897    5   33.30
1897    6   18.90
1897    7   46.10
1897    8   36.40
1897    9   80.40
1897   10   23.90
1897   11   14.00
1897   12   55.50
1898    1   50.40
1898    2   60.70
1898    3   63.90
1898    4   24.20
1898    5   43.00
1898    6   37.10
1898    7   15.00
1898    8   52.30
1898    9   58.10
1898   10   57.10
1898   11   51.60
1898   12   21.10
1899    1   32.40
1899    2   15.30
1899    3   30.30
1899    4   23.60
1899    5   12.90
1899    6   34.10
1899    7   22.50
1899    8    4.90
1899    9   14.00
1899   10   21.70
1899   11   13.00
1899   12   17.60
1900    1   15.70
1900    2   22.80
1900    3   14.40
1900    4   26.80
1900    5   25.30
1900    6   20.10
1900    7   13.90
1900    8    7.10
1900    9   13.90
1900   10   21.60
1900   11    7.50
1900   12    0.50
1901    1    0.40
1901    2    4.00
1901    3    7.40
1901    4    0.00
1901    5   17.00
1901    6    9.70
1901    7    1.20
1901    8    1.70
1901    9    0.90
1901   10    6.30
1901   11    6.40
1901   12    0.00
1902    1    9.30
1902    2    0.00
1902    3   20.70
1902    4    0.00
1902    5    4.70
1902    6    2.40
1902    7    1.50
1902    8    3.80
1902    9   12.60
1902   10   27.20
1902   11   17.20
1902   12    1.80
1903    1   13.90
1903    2   28.40
1903    3   22.50
1903    4   43.50
1903    5   24.30
1903    6   27.20
1903    7   46.40
1903    8   48.00
1903    9   18.50
1903   10   64.80
1903   11   74.20
1903   12   76.20
1904    1   52.60
1904    2   40.80
1904    3   61.90
1904    4   71.60
1904    5   65.70
1904    6   69.80
1904    7   84.30
1904    8   97.10
1904    9   50.20
1904   10   90.40
1904   11   63.40
1904   12   91.10
1905    1   91.20
1905    2  143.00
1905    3   94.30
1905    4   65.50
1905    5   79.90
1905    6   81.60
1905    7  121.60
1905    8   98.10
1905    9   91.80
1905   10  131.20
1905   11  178.70
1905   12   92.50
1906    1   75.80
1906    2   52.30
1906    3  107.40
1906    4   92.20
1906    5   96.20
1906    6  105.30
1906    7  172.70
1906    8   79.60
1906    9   93.50
1906   10   29.70
1906   11   64.80
1906   12  108.00
1907    1  127.40
1907    2  180.30
1907    3  101.10
1907    4   87.60
1907    5   71.40
1907    6   67.20
1907    7   82.90
1907    8   90.50
1907    9  141.70
1907   10  109.10
1907   11  102.50
1907   12   78.90
1908    1   65.40
1908    2   56.60
1908    3   47.90
1908    4   96.10
1908    5   68.00
1908    6   80.20
1908    7   65.80
1908    8  150.90
1908    9  144.90
1908   10   53.90
1908   11   75.90
1908   12   65.90
1909    1   94.60
1909    2   77.60
1909    3  110.50
1909    4   53.70
1909    5   60.00
1909    6   37.80
1909    7   59.60
1909    8   38.50
1909    9   64.70
1909   10   97.40
1909   11   93.00
1909   12   90.20
1910    1   44.00
1910    2   52.50
1910    3   35.70
1910    4   14.10
1910    5   36.90
1910    6   20.50
1910    7   23.50
1910    8   19.30
1910    9   43.70
1910   10   63.90
1910   11    8.30
1910   12    9.60
1911    1    5.60
1911    2   15.00
1911    3   13.00
1911    4   27.60
1911    5   15.10
1911    6    3.70
1911    7    5.90
1911    8    6.70
1911    9    6.70
1911   10    4.50
1911   11    7.00
1911   12    3.70
1912    1    0.40
1912    2    0.00
1912    3    8.20
1912    4    7.60
1912    5    7.40
1912    6    6.90
1912    7    4.90
1912    8    0.50
1912    9   15.90
1912   10    7.60
1912   11    1.90
1912   12   10.60
1913    1    3.80
1913    2    4.80
1913    3    0.80
1913    4    1.60
1913    5    0.00
1913    6    0.00
1913    7    2.90
1913    8    0.40
1913    9    2.00
1913   10    5.20
1913   11    1.20
1913   12    6.30
1914    1    4.70
